P0: 725.0087 0.0 620.5 0.0 0.0 725.0087 187 0.0 0.0 0.0 1.0 0.0
P1: 725.0087 0.0 620.5 0.0 0.0 725.0087 187 0.0 0.0 0.0 1.0 0.0
P2: 725.0087 0.0 620.5 0.0 0.0 725.0087 187 0.0 0.0 0.0 1.0 0.0
P3: 725.0087 0.0 620.5 0.0 0.0 725.0087 187 0.0 0.0 0.0 1.0 0.0
R0_rect: 1.0 0.0 0.0 0.0 1.0 0.0 0.0 0.0 1.0
Tr_velo_to_cam: 1.0 0.0 0.0 0.0 0.0 1.0 0.0 0.0 0.0 0.0 1.0 0.0
Tr_imu_to_velo: 1.0 0.0 0.0 0.0 0.0 1.0 0.0 0.0 0.0 0.0 1.0 0.0
